$ANSIBLE_VAULT;1.1;AES256
64303163376264306232323062653434396538636636353166633233626335323533633536323935
3636383036333561343132306566346432663830386130630a656338626266376438326231313136
39653863636232363831663834383830363737623833336365363264666266323031303165623736
3633333730643561310a366466356630383337633065383132656632656437646465336333346636
30326636636532396532376230643663653432613031616430396131646435356366343033393461
31306565663533343361623635653136666565383563386636316261353238356432316632653831
61356531333130376539386332616261643532623562346466633435623231653539356365633761
65373639663135356434353934316235333363616530353139626532373563613336656632396536
38613633663462643833646239663263386230336338383930346432306437663666313637663365
30653332636537346261393266636535643631363637636235666234353365363535666530333461
35313662643563636530336537313031313938623433356466336235653738313139623533343564
30656230323939353266623438306330656632333362316362373737353465643935653934353838
33363161386662306161666539373338663338373736346239633366373038333630623535666237
61316431636339663536353061356530653734623837646535643836336531383339646537363933
35336535643434343938393632316636613231333032613333613661626130326336313434376265
33313662323962333265386333666636306661323962646531663632323333323135643163363565
31363439353739323030663065313633346564393630376633653032653835346561333532363866
66666634376332613262363332383334613066396633333462376534663136353432623439303265
36653261616633663735356433316162613265363862313134376165383566666638383764336639
65303762356364383465616262366663363232333561653530646165616236323132306239383236
64353939653130383232373466626230336566646332326231356539393735373630323665343731
34346534643266333063623762333936656564613338333433666332393465306336303865376166
37653238646164333234383562636534623463653664336263383437656566306231626361316136
34353439353633303635393238373535616337643134363239336164346439346465323965303637
62303834373430376338616339636138323164633430396266613030316566336330666134353561
37626563653039636330343638633230663761383333346639326566346536313661323936393564
62323264376361633837323031653033303466313632613732393034303431343664666134343939
39346533656232336633616335353838613865623831633463353935353561623336666539383034
30343830333639373137383861353466393636386132643463363761643934663832373339343766
34313033313963656466353964383530363232313931393136646337303931633662643365393166
36653561343839656666333730613130343034333830633236333234326561633061303465343062
39336630383731323936306432336636333065383230393031386630616330326635643432636661
62313633656234303331366665636262396265626639326630613331616364373338653132643033
65346639643435396264666536356135626566333739393933646162373862353063326333646366
37623133646234363032383265343164646533633839363339353937323332393937323834376465
34306366313633633462623034386332663266313735326235636638666636346432373163393065
37613362363434333361363331393665666538616537386166666637363936303964623566393764
3164663936616136643837333962313838613536613361306430
