$ANSIBLE_VAULT;1.1;AES256
34353531316639323033323436616566333537633733666637316662383466356461303164393866
3830663433636332653865343933326231316231313735650a373331383330363565383566616432
31333161316362363164626636376164343564373432646531383734643466623335633030636461
3338313430373666330a396161613937613262636562363663623661633335383761643438363434
63353836303432663765333030613536626238356234343431623961313133376233316539323635
32356566636165633339393937373465613862623261383134373363643964356161623937396463
63396665636339356264636430633764333732623339653530373966346566383532613238646361
62306364323432336635306237373739343739633139323362663531383366626338303361346563
36613166343135373032663135386337346366376231626361373562656566356161656338313239
34316365383338353061623965333139366463393533346138393464343766383835633334313235
61343034386331653535353033306663333361613937383238323237623666663364303639653533
38623035653737393662396630623332313031333336616430383465636631383063636665356333
62316366326561633432326237336437346630323734396562316332363736663137653164373732
32303762366238353766316263663030343837363863393631373239656132663462633162366539
38623236383765663634653664626161376162363966653533306236626635666331643839663566
63663632326662323039383830336639633462316361396162353733633133336533313161646662
62313836383961653034316139346265663431346538323037393136356137636463376138323132
36353863393535353337303532643134326336623561646438653063303134393337646136323863
38643864323865343030626634643165343466303566343735373332306338613939376366326231
66313261306263353139313735623436383131353639663636383934386639333930613131363233
36383034666130353537626363643031353865626232616562316238343736303366396232356438
34643030326233363861373562636362326262303266366636353539663637666233653263643331
37366365623631633762323638383264633838383237396462373830393732613162633063343064
35383863386434633237653138633830333134326534326536353433306438396566393934326564
63333535663036323564313362333733613265653233343663666365353139663865666331653862
35613634613639326632333331353637636230376636656262363431386632306134663962333562
39663131383834356566333464626434386131313236303930613064356633613732653036373764
30616662383261326633333663366463393763666166303233373839633230633863363430386131
36633464303538346665373836393364633965306563346364633139386138326239353065303066
36303934626337663432396338303663666432623139396139363233303134616439613662313233
61346531653535383064306365646638303830303566386263613963383065646663333535333830
34636137343933613830663565363063666136316238633135356639653539363131363564616339
66376134336333323336363861326266623539353463336336663835323132393165303035383261
36376162346531326363663165306165343165323961336436653631366339663338336465643364
31653139313036346239383438626235393433373663663438383364353839333164333364363138
63623163663162613436396466376262356434346232643431663939303162636437393632383937
35373931626436383934346436383535646164646464616562356238643634306637353630313836
32353064343437303630386231623962643864363736666435393862383365383939636531656430
35313263663064323932643832623234303434626165613531343438393463366261323963373962
30313734316266663064656131636439303331326230303637656330656630663030653765643537
35326431383231343735633935663437313436616639623364663463333035363031323466323865
6536626564336365343135376362383264626334643735306235
