$ANSIBLE_VAULT;1.1;AES256
65333163623462643434353432386632326265326439363334343764643331303531346465303061
3731363132363462646531633166303637636464303932380a383865666662306433656439346231
61653334346166663034373164323136646338373733356131626565376238636162353262626438
3134343435326533630a636332366563626130356438333431646561616632356564623033313064
66373634353762393066613663613261386466303839663738373961313039316537363534333364
35323538353237313131616361633238653964363337356338626562626633636335393637376536
63633362656534393539313939623765663165316636366337643630336362333361663064366661
37353437633832306261316435363135363439653237313464333539336530333039646632373463
33636232646333653235306534656363626131333834393231386261356138303261336461346430
36653038323533366462336434383166616461333638623836616266306565396566346638353962
35326561363439356439306531653830343566336232616338356234356431333431373834636537
37633332343832643238646332333738643736393535343965336564323263353936333962393463
32663863343033393435653863363833646363393235323136313832626563613461313737636533
35313362316236393064653730383463383636306566643830633063623334643736373962626535
31386364623531623664613732616337303234326466326362656665616235346134643062353933
38356335396132303539383232303734373266343033346563356330393038666532353865633365
3835
