$ANSIBLE_VAULT;1.1;AES256
38633830633338363632316261653464346133306638636164316535373931303931666663376230
3336636336326639336463306164326366303066643363660a363337366133613662316135366334
30643334623533373661643539393565326636353961303633303733323637346233306438353336
3538366361663364340a636534356335373934613763666537303434636364653933633364323336
33363532386665363835383636333264353264663062343034633134376537393963376661333338
66326564303066376430313932336530373335373933656264656331633437393961306532346539
32373830316563316566333766646661323865373633343863393231653731383564633131373732
63323838363432386432376233353932646362383631646534666635636234333636326238666538
64336363623630653234383064663862313535376336376436653031383739653334376434383437
61393463303561363462306532613137386561333235623132373737363536316539633763643230
33393934393434616262663562633465353334393265336266653530373432373239366666653364
62356436303833643863303931626230356337333466323461633461396631386433303339343162
62656636653434323037383766633562373765323134353034663235313335333231326363323338
32623436613931376233626632333663373632303435386539326233333166663561353666626566
39663938633433356436303334616435346365396661343062306439383962316538353730333430
36303463653432343935363965363936366432656535626366383833636234363137383266643033
61623237633430343730633263363765613133333163366539643631376331313538333263373839
39363437313035643264383136633363323936666435623064636661653164393438643165393537
31316565393939616436356136323136326337663865323331303865663031663935663230623663
63623838666434633131356164613638626232333766323836326430313536323337386333613031
34363935333431353562393535303639323839643864633562326639343735386466666331366237
34373432373531646361326139373736383766616135316162666135626530613138623861663138
33343332313832663736653136346331376537326266366535663133323433316234646634666263
33363031303433333730303731343230663763393732333039303939303939393961643564636261
6630
