$ANSIBLE_VAULT;1.1;AES256
66356266376564333665336231646561316632613761393766313966633131623939613065393037
3935646239646433326164643963333739383431363061660a653636366139356634313638363566
62353131636466653137653536333839313962336264366137343965663830373563323131353931
6661643731386264310a306462663361633930643663306239376662623962386461393563326531
31396337393331613538626365366637306462643063303565346635636635346239343165323538
34663831633937323339333332343535316666303565336634373230326136383232643063613832
34303536303336396539663561393065333236633939366232626237303735653138303739633132
66623163306133376264303533626665666132396232613662663266623838373632333662646230
63303639313337356636376366663761333738363337616136373162373834353536393031643334
63343032306464366464323433353564613861346131356639326266613165353731643938616230
66653562643135663431636365333766386338383730346133386662313633343565366533646636
33303935636264373931383331363262326165326334333462346366343738323735366439636563
33376431366236363831636530656138323931313330653738626535396130316134336139646638
33323838393165323937393766303330376232366534303536333861636239666533623461396339
38633263383366383361656135313161306465376533396234623434396338303133396466613966
35396230633333376638633738336636626335613939373735643037666166323761396232306637
33326130326530393739383564656332383537366433363664303362633833306265633037623262
36663966643434613031316339313138303236313937363935306334643665356438393863373663
35386666316535393964636534623562326461396439316536633162366631626238633830333965
33656165363035343631356463653938373461653030313262346631363439306563336231623566
66376436383161353963386431363039323238643932376132316539393163393135366466613337
33376332616338646562323664373766646562313339333763396661373062333664363738306265
39386464363336643234383335383837306536656330393766383832396537633862633264656366
38643837323231303432666565663436623239646132623436613031643133646131343137653139
62386364313931653065383962663364316137633833356136663465636434393861623039363263
34313938323265343931643061343765383539313664366538636561383134373733326333353338
66386336633264633461386136623637323032386431353861623939613136656362343735316262
32356463313862366262333464313331613931643365616530336537383535613865663732333038
34643161363833333839633965303865326636333831626632626639366531656536393863323835
34343034393939303035656266313231633035653234663366373561656536363630323033393631
38633433356361373461643631336466393432393538633139366234343864353239646533356461
30333739333163643564326165633033633066323835623335656461663764343937643030393134
35616533663866623338613432366337396533316264616231323761383664663566363437623937
66353261313936656531396437313263373161366638623663646438666437366235383862663264
34303862626363393761613862643765393264393365353733356563396563343665353230396131
65373638663337356430393466646566356231376533666637663163333464373462663732373330
37613438363830623334363935646531633339613930333965376137633931393435366330613561
61366365306430633035633466343366383138396137343339336635396631653162373634653937
31633036313365373066333464613931386438363638393236393766316362633066633533373263
64643235306439333630313633373133323636336232353138653239653736396466613430306531
61316331326462333763333236363565353234666136396364663539636462313664313736366261
37383238303832623034613062636663363066666535613930346231666130633961636631373130
32623530356330336237373932393833353530313938636231343933613730646263383333323735
63633735363131373561323932636662376164356162666239333433353432363830633137666437
31363061313435636461636137326530373839343232353233643538643333346234353964363533
32396339653837633636356431653238646131623464326335373231333366306163616532303766
39373031643639393434346464346631363261306334616232306533313439613139663337303233
35396161306461663830306363616165663135653431643661363031303966616431616236646333
32353136303561653032616431323535646265626661636230383433623261643832663263323032
63323763656436396135366437353037383663643132616433626231346235613161346337393436
64613366323034613339313236383031663465376430363430623339666630663832666663333362
32663130346436366362616635396238353238346234366432663861333037323338316632353634
31613261323039653666306162316436376330363238386162323166623336626365323165373666
39373635653462363237393332363934313162346637393432656539613463343232613163323465
64326630396461353663663765343365613339363034316634326439333161633830343661666564
38653764616361363463313638383832333034336132393462613564363635653063653233636631
62636463393065323135636537623637343864313863373963633030393164656535623866363663
61376437656636663836373630333035376430346264623235333635333036373532356531363634
65343938316633323237303865376664666265313138666239616639653139343162393030306232
63333135343134386237643662333766303631636534626239633166663832336333666339623163
36326664393164616539626331356630613162386330376631303835376230643938623639623334
33346363303132343632353230363361343061396635396234613661633635363835663737623137
61366137396435663264383764386163386333303137373839623365623033303431303430303862
64336133373536626134636363356366663838393062626166393266303663663735393264343935
39616631383961366136393030376662346363386366393565646538343566323061653233366536
32633464643965616337306662313765343130373030643538663231363331303163623466646539
37373063643763636633326361626162316131666234323064643035386434643465343032366433
32646130343061303163313637363134316661333864646131656363333265626339366139623835
35316132356134353461316630373765373737646235633835313865393337363535333834303539
64346233363939336366326264303566383337313230363533346132353839656633346631326333
38386431356434663830653766346537396238353736373665303962373564393631346437326236
66616438653031643337653932346565613765313739346631393465303362316561633364326536
64616436636333656132626232366639356630633935373861616331313065623439353039323931
33336532333838306634356261303732623134363932336631313261633436656333653963633163
38323562613635333030346637366561613365353062633437336462396630663239623639623639
39363239353630326466396234343165323562333436383638373930643837396331366134613532
33633531643063363130623266663238623938663932303135616666363263636532323366303561
61656231316130353665396434663732666531393533343462623632343238393130326461393561
64643739653138313737366666626665303938393139366435343362353931383863363561363637
62316132373635303238643466313839613065613963336166653231663962326232643563343363
62326661626132653231343635373632306362353539613037633138623963303733313465323338
64313264373964636262653765653030386135633034646466653430643034663537616363366666
37376230663035353034346461336239366537313361663161633861396566613032373635623236
62356334396466323133623836623539366162643633623935303638303031373766646432643134
64346166356530653563396231353630303862346230353730306638646136356332343735323032
65613731393164623733636166323832346137336564623837356431383338363031376232326339
62653632663137303236613331643130353633393438303032633464653539643931663962323738
37363136323233346132623231356230633035633862353133303030323332363163346134303038
35626133623766333964636638336463323332363437623733326231323435643366316633316130
39343865643036363934666239313033633730303731316463303035613239396134343332656334
65643361343834306439343235353566663534393135313338333638623836313565356233646631
64396362313234626265353036616533646336363738353766333130306666333164633430336232
36366163633964386636373562656632643133633965376434376430363332396464663766356366
30306563383263643061356432373234303138616333663037646538343734616635386439323761
65613430636261633239333662316430313261373636653837306336373662613738356262623431
36636233396261336162386235343834343662323365396232633963663939356166363764653065
38613139356637383739366135316364313130363631383933346362386539323332333134366339
33333266383839343835323433643732653538663831653433646662303735333664346537386138
33626463663435333837333064316136393136626130373738383461393936383539616265663532
39343737363362366661653461616161323437303566386632373266396636353737313330383761
61303762373663353830656238346430343132383238663662333162323231623631363035623931
31366464396230366661613666323062623833313562326637663161376464323238333463636139
38356662323934616533353963306136656261636135643163633961373238346636366265363233
35636365613938383630353430373235643132336638396366346633313834343134623631366631
33663034373761653132353032623866313063646563343661653134363764346539396666636366
62613137626538663236333965343330313563626465366365323462373232623663653134643832
66633065633936326335303066363537323836663935396262393333393736333638636631356535
37663133306464393465313537336332653166393733636566306138303062333264613631623033
35643733653036633233653134643733373832306531653664656666613938333532393039646537
65313563393032656537623864383930656530373638303933383835383965653661633736386239
34303530653830333466613131313661323636623139363732346464643032633365343232333233
66316136613035353332633863373865316637333737393334633035663562396431656138393965
39623931616166363564306236353166383233383130656262383330343865346438623665646435
38333631346337343939373533336564616634386464636633326466393439393564643933376131
37336639643234323537613033353235366635376332326566373336383833613631616165646539
62316463373232346366663535643464613035666331376439396537316363643863623935376336
38356463373833303764646232623464616635376665346538356435663331363066636261376362
35306134346235323238356632633239613264303835626231626336643139656463383732616636
61393361306366363138336533336461313439393732396337316263343539613666656134666535
33303961386138353264623232643739656332663836303065623130626165396433363838356132
30646538333761643435613863313431343432323337653235393938353665343464363365626237
32353761653138303930393138646137666662316361313463306561663831383962323231383266
66383164653463396466653830316639303663373233646661363137343263303939383830383035
36663031346332336632383833393266316431336538303831356336666235656235363538633764
30313436383962633732346333363861343566313031333963313662353238336161363433323366
36326132383666346537353238363039313231356531363563303965626133663135303965333563
35353564393333326262363630626561353435396635373939366531386561346366343664633434
61656664323430306266363362666261313066316235306537346465653463616238303636333037
32646564383362633638353031366334313836393238353135386532383437613137316166633930
66626336326566626533396236633361373337353139333563366134393031663834343033633635
38336237663138663732373266656665323731366332656435366332616663643862663339353934
36313930393935303664653062383238353333396337643965616261393836343130316434613838
61373031373063316137613138333863616264396535623964343034323937613935613431343361
30333962623433643435343236653033333838346333616230333364623064663539303435326634
37336361633431323631396330626135613563313264333565613361666335636335653533353736
63396261373235396131626239663230383830326334373665376235613634323735393366646638
66356434363666303633663763356533353935303634333237326237653839383935393362366562
34616461623061316334356238613266326161633163653536356462666665663936363861346335
30636231636631636563396639393161666263666363633962336666633263323165323135376139
39383634613462396236346337646164653737363663323138653037316439636662386663333732
32313238663365666234633331346430636530353533633636363632356631333934336466656231
35323065326133323065386562663237356363623533363661333863623030336435336134313738
65386131386339663437356233336638376132633431393531336466373938613836653139353736
34666561383266656136353638386530326439376535346164623038316538386634343932373031
64656438636237323334643935646138333131343933626439326132656438623761356636353162
30616464656162643262633230616334626461366663653539313166643831333732366635633636
31613936323339343563333332376339323731643237613636396437623934336636323739336339
36393765636164633332373361653336663762363531656631386466363134636238363330313834
38653537363036653966373837376663363637363633346133643430633533643734643835666637
64633337663738326537323065616433373162373432646533383735623861633931356631366437
66633866313234333836383132636561663433356639633562623230396335633361616637313161
39316366373336313838393831633634653266363835326161313932363838303038653538643565
31303565353066386532633531393238333332373533336634356661363564333739353731653131
66313765666231383164353463623136626536303639393131376438376633323635613039353638
37386465356563313161353431333134346131653534643662303266333733333065613065663264
32383131613661613764666539636264313332366638636165373062656364396361636132316332
38633264623734643138636130613031306163663463326539653535333437656462396535616363
35656337303535303862343161313830323436353630366436356236623237653561643137343333
34353637353733326563633239636438356665313563376434623238356263643966363032373635
31303564393762313138353034376363386361663038373530303531383065353265303532333230
37316164663062316438613035373263313762626431653566326535373337623334633036386536
39656539376464646332653537316639373135356266303939313664326364666331616636316263
31303439356633656433373230663964653862633433393636356235303864333434313434383765
64353161306432306531353534373932343663656332613432613738376537633332653566613635
34656532323139666337313538656530643265633030363163363337663066306639336333663162
37656366363235613862386361646265343139393235653937353639353863346238303033373863
33313065323663633636626162383132393663633561373236323035393034373230323036303731
31336265666435646133623331373964633231386137303430333539383734643435663435623033
38336135643532353932353835663534316361313865333162393639626437306161613734666639
66646462616135626163313063626533383162633862313062616133333836343830366561313762
61353633653537343738653335373265643734313834326564643764393435663563646266666439
37636439353665643964663566356632663934653332333732643465613137366361353233626637
36653966323738666638653064386137613061303062643264316334663631356463
