$ANSIBLE_VAULT;1.1;AES256
65636430366632353934626331336630383933373732313034656664306138633237316231386138
6563396137306466323963343065353837373235333861310a373934343534346661356637303830
39316234373735376337373438633639633439333563666562653330313730356231626161643634
6235643437636330660a613263626533373763373539373839663166323065646637353430656662
37666132373461393466643262646561646435313631633362346465333934333035353466653866
38653863376338616163363731366536633638346336643037383232363362326366376463386130
66336630346132333733336564343665393765383531313437373264333238663662376337393637
31666562656665643833303931396461376235653433373530396361393361396663653663623639
32333732346161373938316664393230313631356538383332613437653133366135636566386335
64626263326261383738393939343836613932353139323538656539633932643638633539393264
61386362316335333939376531633731303966373332663162333039656236343334383338356530
66393838343034353032613535316136373834656161363366646165303663363730633336636335
39616265363163616632356264386463346265346530343030633833313961643861646135383039
35323361616230636366336432356335303866613238353030653535393131336634376338386165
37613563313930633463373731316638366266303836306138343364353236346434356263343766
66313737616664363731636134383735316331626638316265356630396236336362626431343864
31323338623436616532633162666438663962613664613833356663663866366430383865373831
66626436353839323138643234393332643865666333363432623631383030346265356665343366
38366165326535303735636134363338393539316539633465366137303330663765333434313635
31393934623331383062623465386361313934333233653663613937363033613436303737303837
64623530373631326638663830626331363763313566336664633161636364613665643730346261
61316261346362326235303535633165623735633263643831373537353633333433333261656231
62633030383730373836306665643465373530663431633533356362393431613532323664306335
33383238336137663939
