$ANSIBLE_VAULT;1.1;AES256
64633261643831343765393733656335613335393562636265333464303236303462663264626130
3562616233373234333463393238343838363564333364300a366338613638653963343637643163
63386661646364396465306137336366326331363039626163306631656666343037333166353134
3337303830326531650a306336393135633234393738633239373339363935306639393030376430
32353262363037626330633161333061313563373532316533623438323834353061356537376337
31613462366665373562363366396634626333643130303038343331663837316632633666373338
62313361383537666461376262353637323832623735636132383264653534376338376565303462
65613630613935373738663433396137663635636563313336336163326234376463363364303266
62643535353139653237633239333163363135303665626166383633653931613836623865366464
62313639323432396436303535343063653264323637373434613630616531633963393961643336
64336334363135623931383062613866653735333637333338643761383533363739613032616330
37333231656364336638333430316639343338386631313162656332353439633566353532333663
33613834663538313136333633643564663439363639343565646261303938363034383637323733
64616435386161376630656137323635663931373433636531346236633436353462383735353930
38626433613634313230373330643337613866643930323961393130363532393062656632613538
35626332343430646530366362663934653635653231373031313031306638633732633435363739
32633832363964343738663162616465316630623135363536313736633535313338663063623331
66393265303566343633626636663265636562646263316262313733626238353932386331616339
30653963666530326638373333316635646161656130616466323534376134353164316134313239
63623832613431626362373436656330386539636438313139303166396533623335303133393062
36326335613063636336653564616637653534613966353933626338303166626339646562313734
36356334633134346137376662613262393931663865303932343935386534343737343763323838
30616665643133306538623064356239313036656164653361363633633562643532333031633063
62643330303137376530313565653730353231663062376634353739633630623639396332643334
3931
